636
622
722
751
711
740
847
842
732
722
677
754
629
614
755
678
723
753
818
862
735
708
667
613
632
613
708
716
726
747
783
849
724
702
638
728
621
641
703
732
709
702
823
806
694
707
654
714
613
608
715
665
702
682
793
811
704
705
619
724
627
599
681
710
671
707
814
820
696
718
637
724
585
593
714
665
671
683
803
767
674
668
619
695
572
588
632
651
653
652
724
755
712
586
570
640
619
636
698
719
690
724
778
827
680
722
663
736
607
597
697
676
695
676
789
802
669
664
609
675
613
575
646
693
689
679
767
767
670
674
594
683
603
571
641
662
627
668
739
711
638
627
593
643
551
529
628
601
619
632
684
689
601
590
550
595
532
507
584
582
597
595
631
641
583
574
532
571
519
484
576
548
564
578
616
632
536
574
518
533
493
487
525
520
528
520
589
576
519
528
477
525
462
445
495
510
497
522
581
552
499
508
450
490
416
414
494
469
472
490
542
525
484
467
436
467
404
399
433
450
428
456
494
507
451
438
400
435
386
377
421
392
411
444
453
478
388
404
369
400
348
331
377
388
391
383
452
451
382
402
362
383
349
329
374
389
390
386
438
429
395
398
345
393
354
325
373
384
383
402
457
431
389
396
354
398
342
353
390
383
392
417
455
459
411
392
368
393
349
339
400
397
408
438
455
467
416
413
377
398
368
352
410
401
429
441
481
502
429
442
403
429
391
377
421
438
455
454
525
526
446
471
421
450